068
036
030
007
150
092
027
132
086
058
089
071
050
164
099
108
147
054
112
037
041
130
135
101
005
094
002
122
100
043
046
106
120
070
118
051
081
032
015
095
149
163
014
062
107
003
052
156
072
152
096
018
047
126
097
085
159
121
006
080
049
001
066
012
077
148
115
053
144
073
140
093
119
137
023
035
009
123
017
109
114
074
031
004
136
167
151
055
098
155
116
105
091
025
008
111
067
044
113
083
090
040
131
065
028
056
125
133
087
102
059
154
022
160
061
057
128
134
127
069
104
145
038
010
166
042
138
060
162
142
161
082
165
063
033
034
029
039
157
